2.600000000000000000e+01
2.600000000000000000e+01
3.000000000000000000e+01
2.100000000000000000e+01
2.400000000000000000e+01
2.900000000000000000e+01
1.800000000000000000e+01
2.500000000000000000e+01
1.800000000000000000e+01
2.200000000000000000e+01
2.200000000000000000e+01
2.000000000000000000e+01
2.100000000000000000e+01
1.200000000000000000e+01
1.200000000000000000e+01
3.000000000000000000e+00
3.000000000000000000e+00
4.000000000000000000e+00
3.000000000000000000e+00
3.000000000000000000e+00
