4.083598145865501711e-02
4.461136269724803871e-02
4.035616881726993010e-02
4.061570196349653661e-02
4.100747675218207461e-02
6.014221241870496698e-02
8.382793256349768685e-02
6.330159367792674574e-02
3.989619106054287379e-02
4.939182240711997851e-02
4.587796360254281502e-02
4.907202632634679457e-02
5.638452770051841090e-02
5.258637062690275227e-02
4.877756847986744471e-02
1.205627340078350151e-01
1.601009376181495025e-01
2.499215225834632292e-01
2.498068809509277344e-01
1.997469186782836470e-01
