5.012956081064393055e-02
4.550502159216184006e-02
4.927609465708041731e-02
4.281477337787092941e-02
4.592196925256783469e-02
5.988747634342744125e-02
9.773872428094580733e-02
6.284034943884220237e-02
5.127239018049412067e-02
5.754507642043267535e-02
5.129997193813329304e-02
6.827532027044294627e-02
6.078910836086826031e-02
6.614734185826029456e-02
6.566406195052316985e-02
1.941372156143188477e-01
2.104119100504451279e-01
2.068842414021492271e-01
2.207649350166320801e-01
1.732554547786713806e-01
