8.845872546576383222e-02
1.259635705271197614e-01
1.013647029361752355e-01
1.138341446232128962e-01
1.809529199411696876e-01
5.869895065762668895e-02
1.427286551670131631e-01
6.249124263693156545e-02
5.471399029615557630e-02
5.286294052475370986e-02
6.325580306494515970e-02
9.605798258690242952e-02
7.405053809236547546e-02
8.289127397976037148e-02
9.329219891558331035e-02
1.088714039987982440e-01
1.421737248036595291e-01
1.696478027105327024e-01
1.696454241871824808e-01
1.975803506374358420e-01
