4.150752770873451791e-02
5.772074652402635342e-02
3.606267294981441163e-02
4.324677353249996303e-02
4.346152146935171323e-02
4.215325271473414903e-02
7.445586226973434363e-02
4.498267891568730192e-02
3.616997599601745605e-02
4.290299039137995818e-02
3.733333945274353027e-02
4.080581158848065049e-02
3.767217482894745506e-02
4.140790977916097848e-02
3.928496753277174042e-02
1.044393248028225585e-01
1.244404565294584264e-01
1.368923783302307129e-01
1.398125740885736157e-01
1.988027811050414595e-01
