3.666311222932062269e-02
3.551705369471777618e-02
3.840596109749746384e-02
3.471778073746777799e-02
3.301239438301782625e-02
3.759764563394885073e-02
7.763898790611335754e-02
3.898162378583835963e-02
3.556942710075298997e-02
3.825322788012659042e-02
3.932083515756470971e-02
4.460864279035110097e-02
4.213551068694702806e-02
4.176727062971372084e-02
4.006248990745457650e-02
1.269492106636374018e-01
1.440324603848988638e-01
1.579832351207741681e-01
1.679619550704956055e-01
1.436131455898290998e-01
