3.602937915030592769e-02
7.814718554176885990e-02
4.101665422909458320e-02
5.261701621835992299e-02
4.949689829487876475e-02
3.774402771618769886e-02
9.414548659579813350e-02
8.068197773699839481e-02
4.446021613690684382e-02
5.540111526062612562e-02
4.343157802220884434e-02
1.136184081903413717e-01
6.202352554148871794e-02
7.657913185412910939e-02
8.248721509331161106e-02
1.088368919160630360e-01
1.191153463390138417e-01
1.377577844262121709e-01
1.384057742357253096e-01
1.211030859947204025e-01
