4.513185092751357402e-02
3.754359484978819772e-02
3.909400547969312661e-02
4.288271212264940097e-02
4.211066664314445929e-02
4.189811055678804852e-02
7.556361608383381501e-02
4.805634727460969535e-02
3.768793059779101257e-02
4.290671100741944716e-02
4.364548324577685601e-02
4.776534458774676917e-02
4.655108649740177101e-02
4.495981612681589079e-02
4.610803751164570252e-02
1.070961692598130233e-01
1.293819421529768532e-01
1.620273602008817093e-01
1.691716626286503544e-01
1.415602926015852858e-01
