5.695600069572109847e-02
5.344123604310985209e-02
5.419709170216283067e-02
5.052436365095316906e-02
4.921994488926575984e-02
4.993194989152373309e-02
8.388651483132747444e-02
5.315652220675542994e-02
4.882060249975653243e-02
4.894768372962318009e-02
5.132371358165973424e-02
8.290518049745468354e-02
7.108614979674911238e-02
9.114707508221867038e-02
9.555744487226799921e-02
1.631703376770019531e-01
1.648476368188855901e-01
2.307776457071302190e-01
2.368008738756177678e-01
1.999023533206491510e-01
