5.737685940685240127e-02
1.050276149406906973e-01
5.169229054535844081e-02
4.457888667193027343e-02
4.893614502562496776e-02
4.676756651770298812e-02
1.049357151034891189e-01
5.295738399609310754e-02
4.011030524969100286e-02
3.731053528032809291e-02
4.086466779008270794e-02
6.925038308296305178e-02
5.610718624012258487e-02
7.552828088698335107e-02
8.216903608100792344e-02
1.077222598261303455e-01
1.383397750722037411e-01
1.652094125747680664e-01
1.642644113302230702e-01
1.975349903106689009e-01
