2.849004440012445349e-02
3.861559893806148364e-02
3.336684660890073401e-02
4.553299609637406070e-02
4.275396228157972434e-02
3.246379374535478257e-02
7.089989866547237451e-02
3.881939563405898547e-02
3.434951960692574080e-02
4.236837437278340168e-02
3.183431601705827979e-02
7.276551601643932443e-02
3.992492424747681734e-02
3.355418416954109029e-02
3.347453241531594959e-02
9.881443123022720654e-02
1.127999571959185376e-01
1.293064355850219727e-01
1.309917423129083325e-01
1.176453651189804661e-01
